Time:Mon Feb 26 09:29:56 2018

ORIG POSE
    0.99898  -0.0449154  0.00473794     22.1523
  0.0449889    0.998847  -0.0167605    0.824111
-0.00397967   0.0169566    0.999848    0.832527
          0           0           0           1

CORRECTED_POSE
  0.998526 -0.0446761  0.0308192    23.4784
 0.0459881   0.998005  -0.043266   0.539134
-0.0288248  0.0446195   0.998588    1.06871
         0          0          0          1

Time:Mon Feb 26 09:29:56 2018

ORIG POSE
  0.999009 -0.0414706  0.0161332    25.9105
  0.041718   0.999012 -0.0153101    1.03473
-0.0154824   0.015968   0.999753    0.83968
         0          0          0          1

CORRECTED_POSE
  0.998192 -0.0408744  0.0440601    27.1722
 0.0433587   0.997433 -0.0569862   0.718872
-0.0416177  0.0587935   0.997402    1.05228
         0          0          0          1

Time:Mon Feb 26 09:29:57 2018

ORIG POSE
   0.999288  -0.0372379  0.00608218     29.7369
  0.0373369    0.999157  -0.0170681     1.23022
-0.00544148   0.0172831    0.999836    0.830429
          0           0           0           1

CORRECTED_POSE
  0.998759 -0.0367202  0.0336492    30.9962
 0.0385951   0.997635 -0.0568772   0.922835
-0.0314811  0.0581053   0.997814   0.939832
         0          0          0          1

Time:Mon Feb 26 09:29:58 2018

ORIG POSE
  0.999104 -0.0407095  0.0116045    33.6512
  0.041069   0.998623 -0.0326358     1.4085
  -0.01026  0.0330832     0.9994   0.817134
         0          0          0          1

CORRECTED_POSE
  0.998442 -0.0397548   0.039157    34.9086
  0.042516   0.996468 -0.0724092     1.1057
-0.0361401  0.0739612   0.996606   0.825805
         0          0          0          1

Time:Mon Feb 26 09:29:59 2018

ORIG POSE
  0.998614 -0.0494751  0.0179469    43.9163
 0.0498562   0.998526 -0.0214485    2.04285
-0.0168593  0.0223135   0.999609   0.940977
         0          0          0          1

CORRECTED_POSE
  0.997771 -0.0488141   0.045503    45.1733
 0.0515586   0.996791 -0.0612323    1.74562
 -0.042368  0.0634419   0.997086   0.691941
         0          0          0          1

Time:Mon Feb 26 09:30:02 2018

ORIG POSE
   0.99712 -0.0739102  0.0169882    69.2561
 0.0741782   0.997121 -0.0157274    3.79578
-0.0157769  0.0169422   0.999732   0.982967
         0          0          0          1

CORRECTED_POSE
   0.997224  -0.0739238 -0.00895157     67.9824
  0.0739764    0.997244  0.00569673     4.08661
 0.00850578 -0.00634312    0.999944     1.86943
          0           0           0           1

Time:Mon Feb 26 09:30:03 2018

ORIG POSE
  0.996316 -0.0857606 0.00045068     77.705
 0.0857553   0.996162 -0.0175282    4.52497
0.00105428  0.0175023   0.999846    1.06577
         0          0          0          1

CORRECTED_POSE
   0.99604 -0.0847144 -0.0269614     76.446
 0.0853083   0.996118  0.0216954    4.81492
 0.0250189 -0.0239095   0.999401    2.10217
         0          0          0          1

Time:Mon Feb 26 09:30:04 2018

ORIG POSE
  0.995885  0.0883168  0.0203359    83.8295
-0.0880674   0.996032 -0.0128503    4.69278
-0.0213901  0.0110065   0.999711    1.15933
         0          0          0          1

CORRECTED_POSE
    0.99591   0.0903416 -0.00110951     82.6054
 -0.0903126    0.995786   0.0159472     4.94106
 0.00254554  -0.0157818    0.999872     2.27931
          0           0           0           1

Time:Mon Feb 26 09:30:06 2018

ORIG POSE
   0.731885    0.681122   0.0204251     88.0642
     -0.681    0.732159  -0.0134959     2.58132
 -0.0241468 -0.00403201      0.9997     1.12399
          0           0           0           1

CORRECTED_POSE
   0.730673    0.682727 -0.00102161      86.835
  -0.682636    0.730599   0.0153014     2.82239
  0.0111931  -0.0104829    0.999882     2.39572
          0           0           0           1

Time:Mon Feb 26 09:30:08 2018

ORIG POSE
   0.186456    0.982461 -0.00217136     90.0116
  -0.982449    0.186441 -0.00572806    -2.81255
-0.00522276  0.00320129    0.999981     1.02361
          0           0           0           1

CORRECTED_POSE
    0.18466    0.982381  -0.0287779     88.7249
    -0.9828     0.18464 -0.00339848    -2.61722
 0.00197493   0.0289105     0.99958     2.25063
          0           0           0           1

Time:Mon Feb 26 09:30:10 2018

ORIG POSE
  0.0417899    0.998712   -0.028788     90.4117
  -0.999106   0.0415875 -0.00759156    -12.9198
-0.00638456   0.0290795    0.999557    0.947797
          0           0           0           1

CORRECTED_POSE
 0.0396288   0.997952 -0.0502067    89.1502
 -0.998943  0.0407389  0.0212815   -12.6813
 0.0232833  0.0493103   0.998512    2.71636
         0          0          0          1

Time:Mon Feb 26 09:30:13 2018

ORIG POSE
   0.059868    0.998198   0.0040051     91.2255
  -0.998185   0.0598924 -0.00627637    -28.8682
-0.00650494 -0.00362207    0.999972     1.00985
          0           0           0           1

CORRECTED_POSE
 0.0590078   0.998056 -0.0200787    89.9128
 -0.997828  0.0595606  0.0281496   -28.5525
 0.0292907   0.018374   0.999402    3.43696
         0          0          0          1

Time:Mon Feb 26 09:30:22 2018

ORIG POSE
  0.970924   0.238696  0.0181603    129.362
 -0.239015   0.970847  0.0180853    -66.309
 -0.013314 -0.0219001   0.999672    1.21174
         0          0          0          1

CORRECTED_POSE
  0.969346   0.242236   0.041107    130.795
 -0.241739   0.970197 -0.0167368   -66.6379
-0.0439362 0.00628658   0.999015   -3.44092
         0          0          0          1

Time:Mon Feb 26 09:32:00 2018

ORIG POSE
  -0.361055   -0.932543 -0.00181505     223.883
   0.932498   -0.361056    0.009295    -143.969
-0.00932332  0.00166347    0.999955    0.996679
          0           0           0           1

CORRECTED_POSE
  0.340851   0.939944  -0.018039    56.6043
 -0.940022   0.340481 -0.0207812   -2.61022
-0.0133912  0.0240404   0.999621   -0.89112
         0          0          0          1

Time:Mon Feb 26 09:32:01 2018

ORIG POSE
-0.0754634  -0.996826  0.0253524    222.865
  0.997122  -0.075252 0.00918948   -136.175
-0.0072525  0.0259729   0.999636    0.94539
         0          0          0          1

CORRECTED_POSE
   0.11588   0.992638 -0.0352297     49.275
 -0.993107    0.11516 -0.0218208   -21.5726
-0.0176031  0.0375154   0.999141   0.391145
         0          0          0          1

Time:Mon Feb 26 09:32:03 2018

ORIG POSE
 -0.0363609   -0.998576   0.0390295     222.638
   0.999319  -0.0365764 -0.00482225    -123.632
 0.00624295   0.0388276    0.999226    0.949454
          0           0           0           1

CORRECTED_POSE
  0.0860763    0.994643  -0.0572362     49.1302
  -0.996284   0.0857655 -0.00786983    -35.7391
-0.00291878    0.057701     0.99833    -1.22396
          0           0           0           1

Time:Mon Feb 26 09:32:05 2018

ORIG POSE
 -0.0615586   -0.996624   0.0543184     221.626
   0.998102  -0.0613633  0.00525789    -101.893
-0.00190699   0.0545389     0.99851     1.05416
          0           0           0           1

CORRECTED_POSE
  0.111325   0.991173 -0.0719875    51.2244
 -0.993728   0.110254 -0.0186895   -57.4014
-0.0105876  0.0736166    0.99723   -1.31444
         0          0          0          1

Time:Mon Feb 26 09:32:12 2018

ORIG POSE
  0.998266 -0.0562909  0.0171994     234.44
 0.0568428   0.997821 -0.0334916   -70.0647
-0.0152766  0.0344112   0.999291     1.0399
         0          0          0          1

CORRECTED_POSE
  -0.999564  0.00440131  -0.0292078     38.5029
-0.00492846   -0.999826   0.0180006    -79.9806
 -0.0291235   0.0181367    0.999411     1.24357
          0           0           0           1

Time:Mon Feb 26 09:32:15 2018

ORIG POSE
  0.916108  -0.400872 0.00691259    242.206
  0.400881   0.915583 -0.0316546   -68.7219
0.00636039  0.0317701   0.999475   0.889299
         0          0          0          1

CORRECTED_POSE
 -0.935861   0.351853 -0.0190727    30.7013
 -0.352193  -0.935733   0.019079   -80.7433
-0.0111339  0.0245726   0.999636   0.889849
         0          0          0          1

Time:Mon Feb 26 09:32:20 2018

ORIG POSE
 -0.0325255   -0.999313  -0.0177522     245.928
   0.999465  -0.0325793  0.00274911    -53.3245
-0.00332557  -0.0176533    0.999839    0.171213
          0           0           0           1

CORRECTED_POSE
-0.0198633   0.999796  0.0037475    26.1882
 -0.999667 -0.0197986 -0.0165761   -95.9132
-0.0164985 -0.0040755   0.999856 -0.0865393
         0          0          0          1

Time:Mon Feb 26 09:32:23 2018

ORIG POSE
-0.0732449   -0.99651 -0.0400336    243.067
  0.997138 -0.0739262    0.01581    -6.0066
-0.0187144 -0.0387611   0.999073 -0.0720605
         0          0          0          1

CORRECTED_POSE
  0.132099   0.989816  0.0530575     34.185
  -0.99094   0.133179  -0.017339   -156.215
-0.0242286 -0.0502864   0.998441    2.60436
         0          0          0          1

Time:Mon Feb 26 09:32:34 2018

ORIG POSE
    0.99899  -0.0449314 0.000629581     287.216
   0.044929    0.998499  -0.0313172     15.1475
0.000778488   0.0313139    0.999509    -0.34758
          0           0           0           1

CORRECTED_POSE
  -0.999993 -0.00124351  0.00352443    -17.8859
 0.00133242   -0.999678   0.0253374    -166.001
 0.00349179   0.0253419    0.999673    -2.98542
          0           0           0           1

Time:Mon Feb 26 09:32:36 2018

ORIG POSE
  0.998543 -0.0490336  0.0225436    347.149
  0.049877   0.998013 -0.0385069    17.6531
-0.0206107  0.0395752   0.999004  -0.523577
         0          0          0          1

CORRECTED_POSE
 -0.999829 -0.0121759  -0.013902   -80.3424
 0.0118704  -0.999691   0.021851   -160.147
-0.0141638  0.0216823   0.999665   -4.19296
         0          0          0          1

Time:Mon Feb 26 09:32:46 2018

ORIG POSE
   -0.08482   -0.996381 -0.00548146     375.127
   0.996395  -0.0848271  0.00106948      42.237
-0.00153059 -0.00537099    0.999984   -0.472351
          0           0           0           1

CORRECTED_POSE
    0.150708     0.988578 -0.000572356     -94.3609
   -0.988358     0.150662   -0.0212038      -214.27
  -0.0208754   0.00376128     0.999775     -3.80612
           0            0            0            1

Time:Mon Feb 26 09:32:54 2018

ORIG POSE
 -0.0313912   -0.999456   0.0101429     370.343
   0.999487  -0.0313237  0.00674747     137.193
-0.00642608   0.0103495    0.999926   -0.345652
          0           0           0           1

CORRECTED_POSE
-0.0282096   0.999218 -0.0277052   -109.567
 -0.999243  -0.028931 -0.0259933   -280.672
-0.0267745   0.026951   0.999278     -10.76
         0          0          0          1

Time:Mon Feb 26 09:32:56 2018

ORIG POSE
 -0.0776733   -0.996959 -0.00629842     369.193
   0.996897  -0.0777462   0.0122943     157.785
 -0.0127466 -0.00532394    0.999905   -0.302705
          0           0           0           1

CORRECTED_POSE
  0.0155662    0.999857 -0.00657434    -110.763
  -0.999439    0.015364  -0.0297585    -300.056
 -0.0296533  0.00703388    0.999535    -7.47962
          0           0           0           1

Time:Mon Feb 26 09:33:00 2018

ORIG POSE
-0.0374647  -0.999231  0.0115822    367.049
  0.999219 -0.0373132  0.0130297    190.293
-0.0125875  0.0120613   0.999848  -0.135084
         0          0          0          1

CORRECTED_POSE
-0.0327026   0.999039 -0.0291989   -114.224
  -0.99899 -0.0335734 -0.0298491   -328.704
-0.0308007  0.0281933   0.999128   -10.3938
         0          0          0          1

