Time:Mon Feb 26 11:02:39 2018

ORIG POSE
  -0.361055   -0.932543 -0.00181505     223.883
   0.932498   -0.361056    0.009295    -143.969
-0.00932332  0.00166347    0.999955    0.996679
          0           0           0           1

CORRECTED_POSE
 -0.315081  -0.948858  0.0197829    223.785
  0.948754  -0.314376  0.0321493   -143.168
-0.0242859  0.0288988   0.999287    0.90688
         0          0          0          1

TRANSFORMATION
  0.998577  0.0489617  0.0211412    7.24838
-0.0494411   0.998517  0.0227794    11.6339
-0.0199946 -0.0237922   0.999517   0.961795
         0          0          0          1

Time:Mon Feb 26 11:02:47 2018

ORIG POSE
-0.0345096  -0.997943  0.0540314    220.507
  0.999263 -0.0335436  0.0186837   -82.7369
-0.0168328  0.0546363   0.998364     1.0704
         0          0          0          1

CORRECTED_POSE
  -0.0713592    -0.996834    0.0350725      218.248
    0.997447   -0.0714088 -0.000162238      -83.707
  0.00266621    0.0349714     0.999385      2.42287
           0            0            0            1

TRANSFORMATION
  0.999141 -0.0372139  -0.018247   -5.12827
 0.0368317   0.999104 -0.0208534   -9.14353
 0.0190067  0.0201634   0.999616   -1.16996
         0          0          0          1

Time:Mon Feb 26 11:02:50 2018

ORIG POSE
  0.518274  -0.854938  0.0217417    222.326
  0.855126   0.518419 0.00124355   -74.8713
-0.0123345  0.0179474   0.999763   0.959818
         0          0          0          1

CORRECTED_POSE
   0.49085  -0.871214 0.00723597    219.928
  0.871058   0.490556 -0.0247605   -75.7725
 0.0180221  0.0184566   0.999667    2.61484
         0          0          0          1

TRANSFORMATION
  0.999386 -0.0319069 -0.0144562   -4.63644
 0.0315131   0.999147 -0.0266945   -7.94565
 0.0152956  0.0262225   0.999539   0.218183
         0          0          0          1

Time:Mon Feb 26 11:02:55 2018

ORIG POSE
  0.997894 -0.0632623  0.0143384    233.898
 0.0637608   0.997261 -0.0374841   -70.1006
-0.0119278  0.0383193   0.999194    1.03652
         0          0          0          1

CORRECTED_POSE
  0.994926 -0.0990111 -0.0178814    231.258
 0.0977231   0.993255 -0.0624135   -70.6305
 0.0239404  0.0603494    0.99789    3.20205
         0          0          0          1

TRANSFORMATION
  0.998838 -0.0346324 -0.0335283   -4.76082
 0.0337867   0.999105  -0.025468   -8.46888
 0.0343803  0.0243055   0.999113    -4.1712
         0          0          0          1

Time:Mon Feb 26 11:02:58 2018

ORIG POSE
 -0.0335745   -0.999215  -0.0210356     245.958
    0.99942  -0.0336866  0.00499969    -54.0613
-0.00570438  -0.0208555    0.999766    0.179956
          0           0           0           1

CORRECTED_POSE
-0.0606092  -0.997412 -0.0386683    243.123
  0.997993 -0.0598421 -0.0206954   -54.3535
 0.0183279  -0.039845   0.999038    2.73767
         0          0          0          1

TRANSFORMATION
  0.999477 -0.0271679  -0.017512   -4.17169
 0.0267234   0.999327 -0.0251355   -6.89689
 0.0181831  0.0246544   0.999531  -0.581629
         0          0          0          1

Time:Mon Feb 26 11:03:24 2018

ORIG POSE
  -0.093472   -0.995592 -0.00765411     375.216
   0.995615  -0.0934967  0.00293038     41.3252
 -0.0036331 -0.00734664    0.999966   -0.475578
          0           0           0           1

CORRECTED_POSE
-0.0563167  -0.997801  0.0349557    379.979
  0.998275 -0.0568559 -0.0146282    36.8336
 0.0165835  0.0340716   0.999282   -9.06361
         0          0          0          1

TRANSFORMATION
    0.9984  0.0373238  0.0424896    3.84125
-0.0365935   0.999171 -0.0178369    9.26473
-0.0431201  0.0162535   0.998938    6.91918
         0          0          0          1

Time:Mon Feb 26 11:03:26 2018

ORIG POSE
-0.0527173  -0.998541 -0.0116994    373.905
  0.998526 -0.0528605  0.0122891    60.9241
-0.0128896 -0.0110343   0.999856  -0.528107
         0          0          0          1

CORRECTED_POSE
 -0.0213931   -0.999169   0.0347055     379.104
   0.999728  -0.0217012 -0.00852486      56.391
 0.00927092   0.0345137    0.999361    -8.68981
          0           0           0           1

TRANSFORMATION
  0.998432  0.0318815  0.0460014    3.86724
-0.0309337   0.999297 -0.0211702    7.06483
 -0.046644  0.0197141   0.998717    8.07699
         0          0          0          1

Time:Wed Apr 11 15:55:26 2018

ORIG POSE
   -0.212067    -0.977255 -7.48206e-05      223.338
    0.977254    -0.212067   0.00158706     -141.685
 -0.00156683  0.000263445     0.999999     0.973905
           0            0            0            1

CORRECTED_POSE
  -0.159081   -0.987265  0.00122341     223.453
   0.986894   -0.159055    -0.02723    -141.236
  0.0270778 -0.00312439    0.999628    0.977232
          0           0           0           1

TRANSFORMATION
   0.998545   0.0539065  0.00121257     8.07599
 -0.0538492    0.998133  -0.0288182     12.2394
-0.00276379    0.028711    0.999584     4.68891
          0           0           0           1

Time:Wed Apr 11 15:55:29 2018

ORIG POSE
-0.0363724  -0.998641  0.0373144    222.693
  0.999321 -0.0365636 -0.0044544   -129.424
 0.0058127  0.0371271   0.999294   0.961219
         0          0          0          1

CORRECTED_POSE
-0.0290202  -0.998801  0.0394134    222.703
  0.999364 -0.0298091 -0.0195788   -129.339
 0.0207302  0.0388201   0.999031    1.10518
         0          0          0          1

TRANSFORMATION
   0.999971  0.00734377  0.00213428    0.965574
-0.00731125    0.999863  -0.0148627     1.71013
-0.00224314   0.0148467    0.999887     2.56512
          0           0           0           1

Time:Wed Apr 11 15:55:31 2018

ORIG POSE
 -0.0670226   -0.996699   0.0458245     221.973
   0.997703  -0.0674033 -0.00681306    -107.719
  0.0098793   0.0452626    0.998926    0.993916
          0           0           0           1

CORRECTED_POSE
-0.114626 -0.992656 0.0386619   219.612
 0.993343 -0.114082 0.0159921  -108.247
-0.011464 0.0402377  0.999124  0.108507
        0         0         0         1

TRANSFORMATION
   0.998833  -0.0477177 -0.00744221    -7.23459
  0.0478622    0.998641   0.0206248    -11.3192
 0.00644793  -0.0209569     0.99976    -4.57389
          0           0           0           1

Time:Wed Apr 11 15:57:32 2018

ORIG POSE
-0.0478065  -0.998063  0.0398005    222.539
  0.998751 -0.0471832  0.0164562   -118.617
-0.0145464  0.0405375   0.999072    0.97353
         0          0          0          1

CORRECTED_POSE
-0.0430241  -0.997734   0.051726    222.435
  0.998944 -0.0421257  0.0183339   -118.539
-0.0161133  0.0524602   0.998493   0.873688
         0          0          0          1

TRANSFORMATION
   0.999917   0.0049572   0.0118582     0.49158
-0.00498218    0.999985  0.00207818     1.18347
 -0.0118477 -0.00213709    0.999928      2.2833
          0           0           0           1

Time:Wed Apr 11 15:57:36 2018

ORIG POSE
 0.0564302  -0.997325  0.0464664    220.525
  0.998236  0.0572188  0.0158168   -79.9254
-0.0184332  0.0454919   0.998795    1.08468
         0          0          0          1

CORRECTED_POSE
 0.0472918  -0.996947  0.0621233    219.628
  0.998804  0.0479711 0.00948799    -80.113
-0.0124392  0.0616003   0.998023    1.33527
         0          0          0          1

TRANSFORMATION
   0.999836 -0.00885311   0.0158237    -1.58585
 0.00896088    0.999937 -0.00675233    -2.16142
 -0.0157629  0.00689301    0.999852     4.27779
          0           0           0           1

Time:Wed Apr 11 15:57:40 2018

ORIG POSE
    0.99642  -0.0845071  0.00239465     232.813
  0.0845398    0.995854  -0.0335834      -70.16
0.000453311   0.0336656    0.999433     1.02438
          0           0           0           1

CORRECTED_POSE
   0.995426  -0.0946642    0.012892     231.823
  0.0951007    0.994703  -0.0390074    -70.2538
-0.00913112    0.040055    0.999156     1.15586
          0           0           0           1

TRANSFORMATION
  0.999893 -0.0105515   0.010149   -1.71565
 0.0106073   0.999929 -0.0054549   -2.56274
-0.0100907 0.00556197   0.999934    2.87102
         0          0          0          1

Time:Wed Apr 11 15:57:44 2018

ORIG POSE
 -0.0027561   -0.999722  -0.0233972     246.253
   0.999955 -0.00296786  0.00902082    -59.2743
-0.00908776  -0.0233713    0.999686    0.269576
          0           0           0           1

CORRECTED_POSE
 -0.0111309   -0.999638    -0.02448     245.293
   0.999928  -0.0110175 -0.00476268    -59.2453
 0.00449124  -0.0245313    0.999689    0.822595
          0           0           0           1

TRANSFORMATION
   0.999964 -0.00838446  -0.0010083    -1.44797
 0.00836998    0.999873  -0.0135908    -2.03604
 0.00112213   0.0135819    0.999907     1.08177
          0           0           0           1

Time:Wed Apr 11 15:57:48 2018

ORIG POSE
-0.0610252  -0.998114 0.00664625    244.318
  0.998011 -0.0609106  0.0162581   -20.8073
-0.0158226 0.00762519   0.999846   -0.17511
         0          0          0          1

CORRECTED_POSE
-0.0452924  -0.998974 8.2041e-05    245.148
  0.998651 -0.0452756  0.0254251   -21.2021
-0.0253952 0.00123349   0.999677  -0.351727
         0          0          0          1

TRANSFORMATION
   0.999854   0.0156472 -0.00681869     1.19025
 -0.0155836    0.999836  0.00927462     3.41075
 0.00696269   -0.009167    0.999934    -2.06848
          0           0           0           1

Time:Wed Apr 11 15:57:52 2018

ORIG POSE
   0.333641   -0.942625  -0.0119053     243.105
   0.942577    0.333775  -0.0119693     9.22502
  0.0152562 -0.00722823    0.999857   0.0276652
          0           0           0           1

CORRECTED_POSE
   0.343898   -0.937635  -0.0507384     244.198
   0.939007    0.343399   0.0185207     8.83953
5.78601e-05   -0.054013     0.99854     -1.4663
          0           0           0           1

TRANSFORMATION
  0.999181  0.0117978 -0.0387072    1.18468
-0.0106252   0.999483  0.0303616    2.20148
 0.0390453 -0.0299255   0.998789     -10.71
         0          0          0          1

Time:Wed Apr 11 15:57:56 2018

ORIG POSE
   0.999723   -0.023196  0.00401817     254.948
  0.0232831     0.99946  -0.0231748     14.0426
-0.00347844   0.0232619    0.999723  -0.0788788
          0           0           0           1

CORRECTED_POSE
   0.999899  -0.0109341  0.00905391     256.142
  0.0108456    0.999894  0.00976457     13.5282
-0.00915972 -0.00966539    0.999911     -1.7961
          0           0           0           1

TRANSFORMATION
    0.999912    0.0121427   0.00531897      1.04602
  -0.0123117      0.99938    0.0329836       2.6357
 -0.00491516   -0.0330462     0.999442 -0.000102436
           0            0            0            1

Time:Wed Apr 11 15:58:04 2018

ORIG POSE
  0.999346 -0.0272019  0.0238303    360.304
 0.0281112   0.998856 -0.0386895    18.2714
-0.0227506  0.0393341   0.998967  -0.503295
         0          0          0          1

CORRECTED_POSE
   0.997816  -0.0645857   0.0138857     358.643
  0.0654251    0.995233  -0.0723243      20.723
-0.00914842   0.0730748    0.997285     2.70278
          0           0           0           1

TRANSFORMATION
  0.999251 -0.0369993   -0.01137  -0.721129
 0.0365865   0.998732 -0.0345915   -10.7249
 0.0126354  0.0341495   0.999337   -1.97081
         0          0          0          1

Time:Wed Apr 11 15:58:06 2018

ORIG POSE
   0.98076  -0.194226  0.0196617     372.22
  0.194656   0.980601  -0.023022    18.9433
-0.0148088  0.0264063   0.999542  -0.543769
         0          0          0          1

CORRECTED_POSE
     0.97703    -0.212778    0.0117548      370.745
    0.213101     0.975763   -0.0497539      21.2048
-0.000883366     0.051116     0.998692       2.6649
           0            0            0            1

TRANSFORMATION
    0.99979  -0.0187361 -0.00833796    -1.04656
  0.0185037    0.999461  -0.0271205    -4.63051
  0.0088416   0.0269605    0.999597   -0.593297
          0           0           0           1

Time:Wed Apr 11 15:58:09 2018

ORIG POSE
  -0.115233   -0.992795   0.0328541     377.232
   0.993338   -0.115122  0.00523363     27.9362
-0.00141367   0.0332383    0.999446   -0.588732
          0           0           0           1

CORRECTED_POSE
 -0.135766  -0.990476  0.0229075    375.521
  0.990359   -0.13632 -0.0246205    30.3417
 0.0275087  0.0193441   0.999434    2.99751
         0          0          0          1

TRANSFORMATION
   0.999737   -0.020716 -0.00983494    -1.03847
  0.0204071    0.999325  -0.0305379    -5.29181
  0.0104609   0.0303292    0.999485    -1.20754
          0           0           0           1

Time:Wed Apr 11 15:58:13 2018

ORIG POSE
 -0.0590712   -0.998233 -0.00642289     374.324
   0.998223  -0.0591188  0.00750741     53.3293
-0.00787386 -0.00596801    0.999951   -0.533376
          0           0           0           1

CORRECTED_POSE
-0.0833001  -0.996404 -0.0155067    371.876
  0.996211 -0.0828737 -0.0263651    55.7299
 0.0249852 -0.0176441   0.999532    3.90473
         0          0          0          1

TRANSFORMATION
   0.999664  -0.0243623 -0.00890346     -1.0278
  0.0240493    0.999142  -0.0337133    -6.57383
 0.00971716   0.0334878    0.999392   -0.985463
          0           0           0           1

Time:Wed Apr 11 15:58:16 2018

ORIG POSE
 -0.0986981   -0.995089  0.00755674     372.372
   0.995103  -0.0987341 -0.00455596     98.7103
 0.00527969  0.00707007    0.999961   -0.526499
          0           0           0           1

CORRECTED_POSE
-0.0696683  -0.997502  0.0116527    375.407
  0.997227 -0.0693332   0.027043    96.3215
-0.0261675  0.0135044   0.999566   -5.24762
         0          0          0          1

TRANSFORMATION
   0.999567   0.0291072    0.004232    0.324691
 -0.0292274    0.999066   0.0318168     8.60352
-0.00330194  -0.0319267    0.999485   -0.340335
          0           0           0           1

Time:Wed Apr 11 15:58:25 2018

ORIG POSE
-0.0411706  -0.999004  0.0172159    367.127
  0.999101 -0.0409878  0.0108412    188.087
-0.0101247  0.0176468   0.999793  -0.143277
         0          0          0          1

CORRECTED_POSE
-0.0659791  -0.997576  0.0221318    361.214
  0.997626 -0.0663886 -0.0183061    189.851
  0.019731  0.0208714   0.999587    8.27469
         0          0          0          1

TRANSFORMATION
   0.999679  -0.0247914  0.00519126     -1.1312
  0.0249344    0.999252  -0.0295745    -7.25343
-0.00445418   0.0296944    0.999549     4.46802
          0           0           0           1

Time:Mon Apr 16 10:12:41 2018

ORIG POSE
 -0.0363516   -0.998758   0.0340842     222.653
   0.999337  -0.0362532  0.00350162    -125.596
-0.00226161   0.0341888    0.999413    0.946442
          0           0           0           1

CORRECTED_POSE
 -0.0204503   -0.999287    0.031746     222.736
   0.999789  -0.0205042 -0.00137189     -125.35
 0.00202184   0.0317112    0.999495    0.980346
          0           0           0           1

TRANSFORMATION
   0.999871   0.0159018 -0.00239084     2.11083
  -0.015912    0.999864 -0.00433323     3.77549
 0.00232161  0.00437071    0.999988   0.0659445
          0           0           0           1

Time:Mon Apr 16 10:12:43 2018

ORIG POSE
   0.14663  -0.988121   0.046011    220.737
  0.989037    0.14727  0.0108235   -78.5748
-0.0174709  0.0439195   0.998882    1.07239
         0          0          0          1

CORRECTED_POSE
   0.143944   -0.987923   0.0573471     220.073
   0.989574    0.143981 -0.00351076     -78.597
 -0.0047885   0.0572546    0.998348     1.63275
          0           0           0           1

TRANSFORMATION
   0.999932 -0.00250477   0.0113791   -0.857661
 0.00266936    0.999892  -0.0144721    -0.60437
 -0.0113416   0.0145015    0.999831      4.2035
          0           0           0           1

Time:Mon Apr 16 10:31:27 2018

ORIG POSE
-0.0363724  -0.998641  0.0373144    222.693
  0.999321 -0.0365636 -0.0044544   -129.424
 0.0058127  0.0371271   0.999294   0.961219
         0          0          0          1

CORRECTED_POSE
 -0.0274664   -0.998996    0.035406      222.73
   0.999574  -0.0277977 -0.00889965    -129.287
 0.00987492   0.0351464    0.999333    0.976509
          0           0           0           1

TRANSFORMATION
   0.999958  0.00892144 -0.00186848     1.20283
-0.00892906    0.999952 -0.00411519     2.12353
 0.00183168  0.00413171     0.99999    0.142143
          0           0           0           1

Time:Mon Apr 16 10:31:30 2018

ORIG POSE
 -0.0672572   -0.996831   0.0424802     222.088
   0.997734  -0.0671182  0.00469071    -109.665
-0.00182464   0.0426994    0.999086     0.97565
          0           0           0           1

CORRECTED_POSE
-0.0769643  -0.995688  0.0517799    221.588
  0.997033 -0.0769433 0.00240171   -109.748
0.00159276  0.0518111   0.998656   0.974275
         0          0          0          1

TRANSFORMATION
   0.999909 -0.00971821  0.00935766    -1.55501
 0.00974392    0.999949 -0.00270515    -2.24988
-0.00933089  0.00279608    0.999953     2.37759
          0           0           0           1

Time:Mon Apr 16 10:31:32 2018

ORIG POSE
-0.0638389  -0.996718  0.0497747    220.738
  0.997797 -0.0628473  0.0212391   -86.2435
-0.0180412  0.0510209   0.998535    1.07745
         0          0          0          1

CORRECTED_POSE
-0.0722915  -0.996284  0.0468201     219.98
  0.997121 -0.0711151  0.0263248   -86.2196
-0.0228974  0.0485884   0.998556   0.834667
         0          0          0          1

TRANSFORMATION
    0.99996 -0.00852408 -0.00277557    -1.48166
 0.00853698    0.999953  0.00466866    -1.86963
 0.00273564 -0.00469217    0.999985     -1.2513
          0           0           0           1

Time:Mon Apr 16 10:31:34 2018

ORIG POSE
   0.14663  -0.988121   0.046011    220.737
  0.989037    0.14727  0.0108235   -78.5748
-0.0174709  0.0439195   0.998882    1.07239
         0          0          0          1

CORRECTED_POSE
  0.138242  -0.989458  0.0431444    219.913
  0.990161   0.139032  0.0158792   -78.5513
-0.0217103  0.0405247   0.998943   0.793618
         0          0          0          1

TRANSFORMATION
    0.99996 -0.00852408 -0.00277557    -1.48166
 0.00853698    0.999953  0.00466866    -1.86963
 0.00273564 -0.00469217    0.999985     -1.2513
          0           0           0           1

Time:Mon Apr 16 10:31:35 2018

ORIG POSE
  0.518274  -0.854938  0.0217417    222.326
  0.855126   0.518419 0.00124355   -74.8713
-0.0123345  0.0179474   0.999763   0.959818
         0          0          0          1

CORRECTED_POSE
  0.501069  -0.864344  0.0428821    220.929
  0.864338   0.502297  0.0248381   -75.1354
-0.0430083   0.024619   0.998771   0.196455
         0          0          0          1

TRANSFORMATION
  0.999584 -0.0195627  0.0211787   -2.78892
 0.0190707   0.999549   0.023186   -4.55998
-0.0216228 -0.0227725   0.999507     2.3394
         0          0          0          1

Time:Mon Apr 16 10:31:58 2018

ORIG POSE
  0.642092  -0.766265  0.0235565    223.273
  0.766268   0.642429  0.0108852   -73.7515
-0.0234743  0.0110613   0.999663   0.935568
         0          0          0          1

CORRECTED_POSE
  0.626325  -0.778283  0.0446325    221.853
  0.777624   0.627778  0.0345844   -73.9986
-0.0549358  0.0130461   0.998405   0.124679
         0          0          0          1

TRANSFORMATION
  0.999581 -0.0195726   0.021306   -2.78961
 0.0190761   0.999547  0.0232627   -4.56141
-0.0217517 -0.0228465   0.999502    2.36118
         0          0          0          1

Time:Mon Apr 16 10:32:02 2018

ORIG POSE
   0.758677   -0.651411 -0.00849459     244.058
   0.651446    0.758487   0.0177544    -67.2572
-0.00512241  -0.0190037    0.999806    0.664328
          0           0           0           1

CORRECTED_POSE
    0.752262    -0.658864 -0.000311407      243.037
    0.658781     0.752159    0.0162379     -67.1639
  -0.0104643   -0.0124203     0.999868     0.528409
           0            0            0            1

TRANSFORMATION
   0.999918 -0.00968706  0.00835609    -1.65904
 0.00969937    0.999952 -0.00143358    -2.27627
 -0.0083418  0.00151451    0.999964     2.00185
          0           0           0           1

Time:Mon Apr 16 10:32:05 2018

ORIG POSE
   0.092774   -0.995663  -0.0068993     246.261
   0.995511   0.0926248   0.0194706    -61.4479
 -0.0187471 -0.00867469    0.999787      0.3259
          0           0           0           1

CORRECTED_POSE
 0.0691384  -0.997527 -0.0126389     244.34
  0.997502  0.0689419  0.0153725    -61.008
-0.0144632 -0.0136701   0.999802   0.519457
         0          0          0          1

TRANSFORMATION
   0.999702  -0.0238138 -0.00527908    -3.30919
  0.0237932    0.999709 -0.00392907    -5.43597
 0.00537111  0.00380229    0.999978   -0.895488
          0           0           0           1

